out =

   1.0e+03 *

  Columns 1 through 10

  -0.262254103737875  -0.000621899217661   0.380518759286318   0.272768159894877   0.000997099546884   0.001022129203437   0.001130826078940   0.360652774027369   0.397437995583374   0.239807252140209

  Columns 11 through 20

   0.209832857720442   0.108987057958669   0.132096062786644   0.126817537968969   0.274599291427772   0.308923164200237   0.075734168090784   0.112881796468045   0.016405949501012   0.135996848133146

  Columns 21 through 30

   0.141671315191634   0.074869713486818   1.033178074806307  -0.000000128471722  -0.000000643998477   0.000008286158710   0.000008511384292   0.000005764004797   0.000005599419154   0.000004277174527

  Columns 31 through 40

   0.000005277880163  -0.000009301596446  -0.001040643014897  -0.002557354178370   0.001528820606261   0.001712219689733   0.001513454201813  -0.000609617788754  -0.000727716194422  -0.000256747657176

  Columns 41 through 50

  -0.005192333492593  -0.002637258813034  -0.002710815519187   0.001437452244322   0.000956555753165   0.001153898949363   0.001053147494136   0.000572550287393   0.000957880332247  -0.003431141004133

  Columns 51 through 60

  -0.001609879654370  -0.001304328229094   0.000000000000000   0.000000000000000  -0.000000000000000   0.000000000000000  -0.000000000000000  -0.000000000000000   0.000000000000000   0.000007014396847

  Columns 61 through 70

   0.000000761530333   0.000007654647624   0.000009209538745   0.000004946043596   0.000003903231525   0.000003658545460   0.000002821452479   0.000007621906462   0.000007393448106   0.000008460818652

  Columns 71 through 80

   0.000017107543940   0.000014934170632   0.000016267215526   0.000017653836160   0.000013849959100   0.000012895070117   0.000024349218771   0.000000000000000  -0.000000000000000  -0.001781176156117

  Columns 81 through 90

  -0.003115169437411  -0.000623411703986   0.002213568444978   0.000737831759483   0.000723611342008   0.000789054713546   0.001576407839791  -0.000675158083582   0.000386653617687   0.000864923958658

  Columns 91 through 100

   0.000439430246366  -0.000627578624708   0.000046926029587  -0.000315587314087   0.003374078350925  -0.000955830500842  -0.001192361766947   0.000388725278884  -0.000096228386729   0.000012861941532

  Columns 101 through 110

   0.001827355257070   0.001923622851414   0.001482474322176   0.005253795455647  -0.000000000000000   0.000000000000000   0.000000000000000  -0.000000000000000   0.000000000000000  -0.000000000000000

  Columns 111 through 113

  -0.000000000000000   0.000000000000000  -0.000000000000000


  after distortion

  out =

   1.0e+03 *

  Columns 1 through 10

  -0.263119641777765  -0.000655291502847   0.397254392042331   0.272768166556239   0.001000000000000                   0                   0   0.361279546170568   0.398015847852397   0.240357551984398

  Columns 11 through 20

   0.209843235822805   0.108721976017224   0.132142517866525   0.123279602304722   0.276112307985297   0.310596479848719   0.074806662310936   0.112026821785745   0.015591354046753   0.135981986861930

  Columns 21 through 30

   0.142064162753029   0.074801286278532   1.038415155199567                   0                   0                   0                   0                   0                   0                   0

  Columns 31 through 40

                   0                   0   0.001338834050047   0.001073075539154   0.000802954273523   0.001334045437225   0.000456436047484  -0.000601356719276  -0.000243812191892  -0.000267668287077

  Columns 41 through 50

   0.000163767360127   0.002588006470258   0.002716990963702   0.002041350994443   0.001916005047380   0.000678215969271   0.003624208779643   0.002997060874458   0.002662416655231   0.004810823585965

  Columns 51 through 60

  -0.001609879654370  -0.001304328229094                   0                   0                   0                   0                   0                   0                   0                   0

  Columns 61 through 70

                   0                   0                   0                   0                   0                   0                   0                   0                   0                   0

  Columns 71 through 80

                   0                   0                   0                   0                   0                   0                   0                   0                   0  -0.001781176156117

  Columns 81 through 90

  -0.003115169437411  -0.000623411703986   0.002213568444978   0.000737831759483   0.000723611342008   0.000789054713546                   0                   0   0.000868052275992   0.001116402287826

  Columns 91 through 100

   0.001139463368282  -0.000631558269197  -0.000272120980564  -0.000307383592931  -0.000170932052911                   0                   0  -0.000011428769476  -0.000731711973065   0.000327297875805

  Columns 101 through 110

   0.000125267709973   0.000318816642772   0.000354064563988  -0.000203149383184                   0                   0                   0                   0                   0                   0

  Columns 111 through 117

                   0                   0                   0   0.000000100000000   0.000000000010000   0.000000000010000   0.000000781257392