out =

   1.0e+02 *

  Columns 1 through 6

   0.013713834701105   0.011017111980560   0.028956426194826   0.031277681322366   0.001748533891456   2.137825511021307

  Columns 7 through 12

   2.086113739079283   2.142867962858080   2.067294759638384   1.784478242920451   2.223898147820139   2.113228077461629

  Columns 13 through 18

   2.178211403698204   2.783897721110504  -0.472721246873400  -0.458253701888545  -0.560773186547596  -0.469389107068571

  Columns 19 through 24

  -0.403858866412322  -0.801502918100860  -0.493258023383866  -0.784977516110004  -0.539059249138795   0.418575081443873

  Columns 25 through 30

   0.439201884487101   0.364256572163948   0.446391013590843   0.031659306901898   0.522545290622149   0.686887986599557

  Columns 31 through 36

   0.570917128715551   0.005077825681947   0.001901448096564   0.003663526459566   0.001773526038080  -0.011638006786565

  Columns 37 through 42

  -0.013936859529256  -0.014758151504063  -0.000038444783629  -0.004666102137136  -0.002026255863669   0.012109048277676

  Columns 43 through 48

   0.016136392885780   0.000879589784810   0.014219836561518   0.004731448753816  -0.015449068346456   0.002539156475010

  Columns 49 through 54

   0.003093247564664   0.012189256415191  -0.001200195694203  -0.001372384783573  -0.000769417412441   0.002954271479917

  Columns 55 through 60

  -0.005856418112118  -0.000438744852511  -0.006161766723190  -0.006417472954775   0.006211512111578  -0.004019121301449

  Columns 61 through 66

  -0.005131849346647  -0.007789177818407  -0.019170071559438  -0.018395048540366  -0.020521631929129  -0.010127613586479

  Columns 67 through 72

  -0.012952600970264  -0.011969080902549   0.002794311940798   0.005591172937892  -0.005270571062615   0.002930857999913

  Columns 73 through 78

   0.003547700349472  -0.020258998155695  -0.006715289184168  -0.006271665690516   0.007319892369642   0.007771101007337

  Columns 79 through 84

   0.005124219669305   0.005091084754007   0.005964636818462   0.005605419388504  -0.006969465217287  -0.005061044135805

  Columns 85 through 90

  -0.004435649262516  -0.001984631154845  -0.004673633139177  -0.007484442068646   0.000149551487785   0.031466633172479

  Columns 91 through 96

   0.036823139462835   0.037285719408808   0.005123769973237   0.013091545128748   0.011175534943148  -0.006857557905770

  Columns 97 through 102

  -0.014459194496513   0.019256152512077  -0.008516965770390   0.006570841957907   0.059639972509519   0.012918444124212

  Columns 103 through 108

   0.011543958331679  -0.010392716190032   0.006451320940073   0.008599698654265   0.008746358855934   0.007222722955503

  Columns 109 through 114

   0.005659288391897   0.007076016823360   0.006205240699701   0.005868313817507   0.007676766634498                   0

  Columns 115 through 117

                   0  -0.000000000004572   0.012029521646063